Q6 - escolaridade e indicadores medios
Resumo executivo
 ano_dados | deputados_ativos | grupos_escolaridade | media_geral_gasto | media_geral_fidelidade | media_geral_proposicoes | media_geral_presenca_eventos | media_geral_presenca_plenario 
-----------+------------------+---------------------+-------------------+------------------------+-------------------------+------------------------------+-------------------------------
      2023 |             1075 |                  15 |         234419.78 |                  90.77 |                  143.73 |                       100.27 |                        119.70
      2024 |              586 |                  13 |         429032.13 |                  93.61 |                  106.35 |                       132.54 |                         32.22
      2025 |              593 |                  15 |         406776.92 |                  88.55 |                   39.31 |                       185.48 |                         27.67
      2026 |              568 |                  13 |         123254.84 |                  92.32 |                   51.26 |                        64.04 |                         61.73


Tabela principal - medias por escolaridade
 ano_dados |      escolaridade       | qtd_deputados | media_gasto | media_fidelidade | media_proposicoes | media_presenca_eventos | media_presenca_plenario 
-----------+-------------------------+---------------+-------------+------------------+-------------------+------------------------+-------------------------
      2023 | Doutorado               |            27 |   242515.09 |            97.16 |            236.00 |                 113.56 |                  126.19
      2023 | Doutorado Incompleto    |             7 |   409952.14 |            98.53 |            282.14 |                 186.14 |                  208.57
      2023 | Ensino Fundamental      |            15 |   335312.12 |            88.95 |            176.87 |                 109.07 |                  164.73
      2023 | Ensino Médio            |            43 |   253299.24 |            92.38 |            125.00 |                  99.91 |                  133.49
      2023 | Ensino Médio Incompleto |             3 |   295815.71 |            89.21 |            117.33 |                 102.00 |                  138.67
      2023 | Ensino Técnico          |             4 |    15390.74 |                  |              0.75 |                   0.50 |                    0.00
      2023 | Mestrado                |            64 |   286060.61 |            87.79 |            190.38 |                 118.38 |                  149.55
      2023 | Mestrado Incompleto     |             7 |   282619.34 |           100.00 |            377.29 |                 179.14 |                  190.29
      2023 | Nao informado           |            16 |   202467.46 |            95.65 |            113.13 |                 103.00 |                  129.75
      2023 | Pós-Graduação           |           129 |   279929.42 |            89.97 |            222.97 |                 131.75 |                  149.62
      2023 | Primário                |             2 |        0.00 |                  |              1.50 |                   0.00 |                    0.00
      2023 | Primário Incompleto     |             1 |   454138.87 |                  |            622.00 |                 185.00 |                  242.00
      2023 | Secundário              |            23 |    49612.37 |            91.92 |             10.48 |                  17.00 |                   23.26
      2023 | Superior                |           668 |   218526.85 |            90.73 |            123.25 |                  91.40 |                  109.23
      2023 | Superior Incompleto     |            66 |   280384.70 |            89.87 |            139.12 |                 122.36 |                  138.86
      2024 | Doutorado               |            15 |   409760.34 |            96.26 |            167.73 |                 152.40 |                   32.87
      2024 | Doutorado Incompleto    |             6 |   510708.56 |            96.97 |            130.00 |                 175.17 |                   39.17
      2024 | Ensino Fundamental      |            12 |   433312.09 |            82.76 |             61.17 |                 105.67 |                   29.58
      2024 | Ensino Médio            |            28 |   397791.63 |            87.63 |             55.68 |                 120.39 |                   30.61
      2024 | Ensino Médio Incompleto |             2 |   306994.02 |            88.89 |             17.00 |                  83.00 |                   27.00
      2024 | Mestrado                |            43 |   416244.54 |            96.68 |            139.00 |                 132.16 |                   33.05
      2024 | Mestrado Incompleto     |             5 |   417490.77 |           100.00 |            427.20 |                 196.60 |                   45.60
      2024 | Nao informado           |            28 |   234094.72 |            96.36 |             38.54 |                  77.61 |                   19.82
      2024 | Pós-Graduação           |            80 |   444541.85 |            93.31 |            173.04 |                 151.00 |                   34.63
      2024 | Primário Incompleto     |             1 |   485866.74 |                  |            237.00 |                 113.00 |                   32.00
      2024 | Secundário              |             2 |   522494.26 |           100.00 |             14.00 |                 128.50 |                   44.00
      2024 | Superior                |           321 |   447771.56 |            93.86 |             94.91 |                 134.00 |                   32.86
      2024 | Superior Incompleto     |            43 |   415831.98 |            89.73 |             68.19 |                 121.47 |                   28.93
      2025 | Doutorado               |            18 |   312959.90 |            96.92 |             46.11 |                 177.78 |                   25.44
      2025 | Doutorado Incompleto    |             8 |   348307.43 |            91.67 |             37.75 |                 180.00 |                   23.13
      2025 | Ensino Fundamental      |            11 |   418195.56 |            62.96 |              7.91 |                 153.18 |                   29.09
      2025 | Ensino Médio            |            27 |   424449.44 |            92.38 |             22.26 |                 181.67 |                   28.37
      2025 | Ensino Médio Incompleto |             2 |   494973.74 |           100.00 |              9.00 |                 154.50 |                   27.00
      2025 | Ginasial                |             1 |        0.00 |                  |              0.00 |                   1.00 |                    0.00
      2025 | Mestrado                |            41 |   406851.90 |            86.48 |             56.22 |                 179.17 |                   26.90
      2025 | Mestrado Incompleto     |             5 |   366587.93 |           100.00 |            254.80 |                 287.80 |                   31.80
      2025 | Nao informado           |            15 |   291533.68 |            80.68 |             14.00 |                 132.20 |                   21.20
      2025 | Pós-Graduação           |            83 |   428516.27 |            88.12 |             45.76 |                 210.30 |                   29.41
      2025 | Primário Incompleto     |             1 |   474214.45 |                  |             24.00 |                 159.00 |                   37.00
      2025 | Secundário              |             2 |   397637.17 |                  |              3.50 |                 103.00 |                   24.00
      2025 | Secundário Incompleto   |             1 |   511089.19 |                  |              3.00 |                  99.00 |                   27.00
      2025 | Superior                |           335 |   414992.81 |            89.44 |             38.26 |                 185.90 |                   27.93
      2025 | Superior Incompleto     |            43 |   383531.47 |            84.48 |             24.09 |                 174.12 |                   26.42
      2026 | Doutorado               |            15 |   128348.59 |            77.35 |             77.07 |                  80.27 |                   70.73
      2026 | Doutorado Incompleto    |             6 |   135671.19 |            90.72 |             50.83 |                  72.00 |                   60.00
      2026 | Ensino Fundamental      |            10 |   106177.04 |            91.99 |             17.50 |                  56.50 |                   66.70
      2026 | Ensino Médio            |            24 |   132806.34 |            82.60 |             30.38 |                  58.42 |                   62.54
      2026 | Ensino Médio Incompleto |             2 |   154765.64 |           100.00 |             13.00 |                  53.00 |                   70.50
      2026 | Mestrado                |            39 |   115815.21 |            93.18 |             53.97 |                  62.97 |                   61.13
      2026 | Mestrado Incompleto     |             6 |    90352.30 |            80.00 |             84.00 |                  69.50 |                   60.67
      2026 | Nao informado           |            17 |    89104.80 |            95.90 |             18.94 |                  46.29 |                   49.35
      2026 | Pós-Graduação           |            78 |   130719.33 |            89.18 |             71.64 |                  70.37 |                   65.86
      2026 | Primário Incompleto     |             1 |   136254.45 |                  |             31.00 |                  53.00 |                   72.00
      2026 | Secundário              |             1 |   111503.53 |                  |              1.00 |                  33.00 |                   56.00
      2026 | Superior                |           328 |   125978.55 |            93.61 |             50.94 |                  63.93 |                   60.86
      2026 | Superior Incompleto     |            41 |   106641.90 |            96.98 |             35.71 |                  60.00 |                   61.46

